10 10 10 20 0 0 0 0
10 14 10 14 10 0 0 0
10 14 10 14 10 0 0 0
10 14 10 0 0 0 0 0
10 10 14 0 0 0 0 0
10 10 14 10 14 0 0 0
10 10 14 10 14 0 0 0
10 10 14 10 0 0 0 0
14 10 0 0 0 0 0 0
20 22 10 14 10 0 0 0
10 10 14 10 14 0 0 0
10 10 14 0 0 0 0 0
10 14 10 14 10 0 0 0
10 14 10 14 10 14 10 14
10 14 10 10 14 0 0 0
10 14 10 0 0 0 0 0
10 14 10 14 10 0 0 0
10 14 10 0 0 0 0 0
14 10 0 0 0 0 0 0
10 10 14 0 0 0 0 0
10 10 10 14 0 0 0 0
10 14 10 0 0 0 0 0
10 14 10 14 10 14 0 0
10 14 10 14 10 0 0 0
10 10 14 10 14 0 0 0
10 14 10 14 10 0 0 0
10 14 10 0 0 0 0 0
10 14 10 0 0 0 0 0
20 15 25 20 0 0 0 0
15 15 20 25 0 0 0 0
15 15 0 0 0 0 0 0
15 15 25 0 0 0 0 0
15 25 20 0 0 0 0 0
20 25 15 25 20 0 0 0
15 25 20 25 20 25 0 0
25 20 15 25 20 0 0 0
15 25 20 25 0 0 0 0
20 25 15 20 0 0 0 0
15 25 23 15 20 20 0 0
15 25 18 20 20 0 0 0
20 25 15 20 20 18 0 0
15 25 20 20 0 0 0 0
14 20 20 15 0 0 0 0
15 20 20 15 0 0 0 0
15 20 14 20 0 0 0 0
18 18 14 14 0 0 0 0
20 14 20 15 0 0 0 0
15 20 20 0 0 0 0 0
